uNumHidden	5

weights

0.5369149981631224
-1.4771117830478684
-3.5297416131221904
-1.9926578290892396
1.4810865165717748
-3.175246883832576
-0.7525996162665995
-1.1290186084025198
0.6851682555135742

0.35088323962740214
-1.64613376154536
-2.6285173300897733
2.0338260127671925
2.59414878046849
0.3097774309125734
-1.1137191282271435
1.431526817397686
0.3624266904891411

-0.9433936089916387
-4.076699805913535
-0.8319949444318102
0.6218916692182004
0.5069560432634105
-1.229540816887813
1.108614703931062
1.714692147033213
2.7602271468034525

0.960610608866336
0.8870261434024787
2.906280210218714
-1.0752381648624922
-1.4858088939294012
-0.6731913443458479
1.0659805435493388
-1.9643396508398285
1.6812299239494972

0.37602517902331856
-2.2135408294153978
0.9474062693528416
1.3342456099654982
-1.9422822305410476
2.4392667395586747
0.04129015599071557
1.5901200202203118
1.1276946921035926

0.4438881203534528
0.2491862205489892
0.21413246564903737
-0.9497942350333277
-2.35964915467345
0.5558242227256425

1.195877805428425
1.5904192491887004
0.11921607669439269
2.022341406664243
-1.7557080765198256
1.8996220412245346

-1.173895908573247
0.22268881704161897
-3.1241986240831467
-1.0981682092765732
0.2401621354019602
1.8009750459469454

